--||--||--||pe||Peru
1066584064||1066586111||1109653200||pe||
1078739968||1078740991||1109653200||pe||
1078746112||1078747135||1109653200||pe||
1078749184||1078750231||1109653200||pe||
1078750240||1078751231||1109653200||pe||
1078755328||1078757375||1109653200||pe||
1078773760||1078775807||1109653200||pe||
2709782528||2709848063||1109653200||pe||
2756556544||2756557311||1109653200||pe||
3190292480||3190325247||1167787005||pe||
3190325248||3190358015||1153533374||pe||
3190358016||3190390783||1157249034||pe||
3190390784||3190423551||1175915634||pe||
3190423552||3190554623||1170394634||pe||
3227931648||3227931903||1109653200||pe||
3257401344||3257434111||1167787025||pe||
3262476056||3262476059||1109653200||pe||
3262478012||3262478015||1109653200||pe||
3278941428||3278941431||1109653200||pe||
3278941596||3278941599||1109653200||pe||
3278944673||3278944673||1109653200||pe||
3278944708||3278944708||1109653200||pe||
3278945012||3278945015||1109653200||pe||
3278945780||3278945783||1109653200||pe||
3355470592||3355470847||1109653200||pe||
3355471360||3355471615||1109653200||pe||
3355473408||3355473919||1109653200||pe||
3355478016||3355478271||1109653200||pe||
3355479552||3355479807||1109653200||pe||
3355485184||3355487743||1109653200||pe||
3355553792||3355555839||1109653200||pe||
3355668992||3355669247||1109653200||pe||
3355754496||3355770879||1109653200||pe||
3356114944||3356123135||1109653200||pe||
3356131840||3356132351||1109653200||pe||
3356146688||3356146943||1109653200||pe||
3356162560||3356162815||1109653200||pe||
3356172288||3356172543||1109653200||pe||
3356172800||3356174335||1109653200||pe||
3356176384||3356180479||1109653200||pe||
3356491776||3356493823||1109653200||pe||
3357057024||3357065215||1109653200||pe||
3357499392||3357507583||1109653200||pe||
3357868032||3357933567||1109653200||pe||
3358151680||3358152703||1109653200||pe||
3358154752||3358158847||1109653200||pe||
3358562304||3358563327||1109653200||pe||
3358570752||3358571263||1109653200||pe||
3358577152||3358577407||1109653200||pe||
3358580224||3358580735||1109653200||pe||
3358588928||3358654463||1109653200||pe||
3359375360||3359440895||1109653200||pe||
3359539200||3359559679||1109653200||pe||
3359561472||3359561727||1168054436||pe||
3359561728||3359561983||1153019784||pe||
3361275904||3361284095||1109653200||pe||
3362390016||3362422783||1109653200||pe||
3362488320||3362504703||1109653200||pe||
3362545664||3362549759||1109653200||pe||
3362652160||3362664447||1109653200||pe||
3363373056||3363438591||1109653200||pe||
3363504128||3363512319||1109653200||pe||
3363553792||3363554047||1109653200||pe||
3387293696||3387326463||1120336932||pe||
3387326464||3387359231||1167787044||pe||
3387949056||3388014591||1109653200||pe||
3459371008||3459373055||1109653200||pe||
3465177088||3465179135||1109653200||pe||
3470754304||3470754559||1109653200||pe||
3474053120||3474055167||1109653200||pe||
3478114304||3478118399||1109653200||pe||
3509387264||3509420031||1109653200||pe||
3560943936||3560943939||1109653200||pe||
3560944276||3560944279||1109653200||pe||
3560945676||3560945679||1109653200||pe||
3560946195||3560946195||1109653200||pe||
3560946205||3560946205||1109653200||pe||
3560946215||3560946215||1109653200||pe||
3560946346||3560946346||1109653200||pe||
3560946536||3560946539||1109653200||pe||
3560946552||3560946555||1109653200||pe||
3637067776||3637069823||1109653200||pe||
3639902208||3639903755||1109653200||pe||
3639903760||3639904031||1109653200||pe||
3639904036||3639912127||1109653200||pe||
3639912144||3639914767||1109653200||pe||
3639914776||3639918591||1109653200||pe||
